21 0.127 0.081 0.050 0.067
21 0.204 0.185 0.168 0.125
21 0.206 0.437 0.172 0.123
21 0.208 0.311 0.164 0.104
21 0.253 0.568 0.174 0.139
21 0.293 0.729 0.182 0.147
21 0.345 0.911 0.178 0.141
21 0.562 0.436 0.076 0.083
21 0.562 0.575 0.072 0.099
21 0.570 0.847 0.084 0.093
21 0.568 0.717 0.064 0.075
21 0.653 0.692 0.074 0.083
21 0.650 0.561 0.056 0.083
21 0.658 0.435 0.056 0.075
21 0.736 0.429 0.060 0.075
21 0.734 0.555 0.056 0.075
21 0.739 0.681 0.054 0.077
21 0.748 0.165 0.056 0.075
21 0.750 0.301 0.060 0.085
21 0.807 0.655 0.058 0.072
21 0.810 0.539 0.060 0.080
21 0.815 0.297 0.054 0.067
21 0.824 0.179 0.044 0.064
21 0.828 0.424 0.020 0.080
