1 0.086 0.472 0.124 0.202
1 0.184 0.327 0.204 0.292
1 0.286 0.162 0.252 0.295
1 0.413 0.519 0.082 0.132
1 0.477 0.496 0.054 0.085
1 0.489 0.769 0.070 0.088
1 0.491 0.636 0.066 0.096
1 0.517 0.703 0.046 0.079
1 0.527 0.591 0.046 0.064
1 0.533 0.912 0.054 0.064
1 0.568 0.868 0.032 0.041
1 0.585 0.808 0.038 0.044
1 0.600 0.080 0.064 0.102
1 0.601 0.924 0.054 0.053
1 0.609 0.877 0.030 0.053
1 0.625 0.832 0.034 0.044
1 0.635 0.890 0.034 0.044
1 0.671 0.737 0.042 0.070
1 0.680 0.904 0.044 0.058
1 0.695 0.240 0.054 0.099
1 0.729 0.713 0.058 0.070
1 0.745 0.202 0.066 0.064
1 0.767 0.860 0.050 0.082
1 0.818 0.883 0.056 0.064
1 0.825 0.484 0.026 0.038
1 0.900 0.867 0.048 0.120
