25 0.073 0.549 0.141 0.086
25 0.084 0.673 0.163 0.110
25 0.072 0.819 0.133 0.122
25 0.087 0.448 0.157 0.088
25 0.100 0.337 0.152 0.078
25 0.119 0.242 0.147 0.084
25 0.144 0.156 0.117 0.056
25 0.171 0.076 0.075 0.052
25 0.237 0.822 0.192 0.100
25 0.249 0.677 0.200 0.118
25 0.261 0.565 0.165 0.082
25 0.272 0.456 0.149 0.084
25 0.256 0.794 0.107 0.088
25 0.281 0.357 0.136 0.066
25 0.287 0.260 0.131 0.044
25 0.333 0.057 0.171 0.094
25 0.316 0.178 0.088 0.036
25 0.311 0.104 0.061 0.040
25 0.439 0.837 0.189 0.122
25 0.445 0.143 0.165 0.086
25 0.429 0.810 0.123 0.084
25 0.431 0.383 0.120 0.070
25 0.444 0.581 0.141 0.098
25 0.444 0.068 0.131 0.084
25 0.425 0.463 0.083 0.046
25 0.432 0.194 0.075 0.060
25 0.444 0.282 0.099 0.048
25 0.464 0.686 0.096 0.072
25 0.563 0.092 0.144 0.060
25 0.599 0.514 0.168 0.096
25 0.592 0.155 0.144 0.082
25 0.573 0.233 0.107 0.050
25 0.593 0.317 0.120 0.058
25 0.609 0.421 0.115 0.078
25 0.619 0.864 0.123 0.072
25 0.620 0.627 0.120 0.082
25 0.645 0.739 0.096 0.074
25 0.700 0.109 0.136 0.082
25 0.731 0.251 0.160 0.086
25 0.723 0.180 0.112 0.076
25 0.745 0.345 0.147 0.070
25 0.771 0.427 0.117 0.074
25 0.823 0.130 0.152 0.080
25 0.799 0.626 0.099 0.064
25 0.828 0.884 0.120 0.100
25 0.831 0.751 0.120 0.070
25 0.861 0.208 0.160 0.072
25 0.885 0.280 0.139 0.084
25 0.895 0.357 0.131 0.070
25 0.916 0.451 0.115 0.074
25 0.935 0.533 0.072 0.054
25 0.951 0.641 0.077 0.070
